[[0. 1. 0. 0.]] 0.0
[[0.         0.88888889 0.11111111 0.        ]] 0.0
[[0.         0.77777778 0.22222222 0.        ]] 0.04618716058069773
[[0.         0.66666667 0.33333333 0.        ]] 0.0
[[0.         0.55555556 0.44444444 0.        ]] 0.07480985633519664
[[0.         0.44444444 0.55555556 0.        ]] 0.07480985633519664
[[0.         0.33333333 0.66666667 0.        ]] 0.0
[[0.         0.22222222 0.77777778 0.        ]] 0.04618716058069773
[[0.         0.11111111 0.88888889 0.        ]] 0.0
[[0. 0. 1. 0.]] 0.0
